 1 M  0.1222 0.0733 0.0967 0.3744 -0.2911 0.7244 -0.0011
 2 E  -0.2556 -0.2678 -0.0644 -0.7733 -0.9644 1.0000 -0.6467
 3 A  -0.3889 -0.7556 -0.7522 -0.1900 -0.1889 1.0000 -0.5289
 4 E  -0.2556 -0.2678 -0.0644 -0.7733 -0.9644 1.0000 -0.6467
 5 N  -0.2367 -0.3656 -0.2700 -0.7489 -0.0833 -0.4478 -0.5878
 6 A  -0.3889 -0.7556 -0.7522 -0.1900 -0.1889 1.0000 -0.5289
 7 G  -1.0000 -1.0000 -1.0000 -0.3800 -0.1989 -1.0000 -1.0000
 8 S  -0.3744 -0.7078 -0.6044 -0.4044 -0.2944 -0.5178 -0.2356
 9 Y  0.4033 0.4633 0.6011 0.2089 -0.3044 -0.1722 0.5289
 10 S  -0.3744 -0.7078 -0.6044 -0.4044 -0.2944 -0.5178 -0.2356
 11 L  0.2367 -0.0733 -0.0100 0.6622 -0.2067 0.7933 -0.0589
 12 Q  -0.2556 -0.1222 -0.0222 -0.5156 -0.3067 0.5867 -0.4122
 13 Q  -0.2556 -0.1222 -0.0222 -0.5156 -0.3067 0.5867 -0.4122
 14 A  -0.3889 -0.7556 -0.7522 -0.1900 -0.1889 1.0000 -0.5289
 15 Q  -0.2556 -0.1222 -0.0222 -0.5156 -0.3067 0.5867 -0.4122
 16 A  -0.3889 -0.7556 -0.7522 -0.1900 -0.1889 1.0000 -0.5289
 17 F  0.4033 0.4144 0.4578 0.7178 -0.3022 0.1722 0.3533
 18 Y  0.4033 0.4633 0.6011 0.2089 -0.3044 -0.1722 0.5289
 19 T  0.4467 -0.4633 -0.3567 -0.2211 -0.3200 -0.4478 0.2356
 20 F  0.4033 0.4144 0.4578 0.7178 -0.3022 0.1722 0.3533
 21 P  0.2744 -1.0000 -0.3267 0.0611 -0.0111 -1.0000 0.1178
 22 F  0.4033 0.4144 0.4578 0.7178 -0.3022 0.1722 0.3533
 23 Q  -0.2556 -0.1222 -0.0222 -0.5156 -0.3067 0.5867 -0.4122
 24 Q  -0.2556 -0.1222 -0.0222 -0.5156 -0.3067 0.5867 -0.4122
 25 L  0.2367 -0.0733 -0.0100 0.6622 -0.2067 0.7933 -0.0589
 26 M  0.1222 0.0733 0.0967 0.3744 -0.2911 0.7244 -0.0011
 27 A  -0.3889 -0.7556 -0.7522 -0.1900 -0.1889 1.0000 -0.5289
 28 E  -0.2556 -0.2678 -0.0644 -0.7733 -0.9644 1.0000 -0.6467
 29 A  -0.3889 -0.7556 -0.7522 -0.1900 -0.1889 1.0000 -0.5289
 30 P  0.2744 -1.0000 -0.3267 0.0611 -0.0111 -1.0000 0.1178
 31 N  -0.2367 -0.3656 -0.2700 -0.7489 -0.0833 -0.4478 -0.5878
 32 M  0.1222 0.0733 0.0967 0.3744 -0.2911 0.7244 -0.0011
 33 A  -0.3889 -0.7556 -0.7522 -0.1900 -0.1889 1.0000 -0.5289
 34 V  0.7522 -0.3167 -0.2578 0.3678 -0.2122 -0.0344 1.0000
 35 V  0.7522 -0.3167 -0.2578 0.3678 -0.2122 -0.0344 1.0000
 36 N  -0.2367 -0.3656 -0.2700 -0.7489 -0.0833 -0.4478 -0.5878
 37 E  -0.2556 -0.2678 -0.0644 -0.7733 -0.9644 1.0000 -0.6467
 38 Q  -0.2556 -0.1222 -0.0222 -0.5156 -0.3067 0.5867 -0.4122
 39 Q  -0.2556 -0.1222 -0.0222 -0.5156 -0.3067 0.5867 -0.4122
 40 M  0.1222 0.0733 0.0967 0.3744 -0.2911 0.7244 -0.0011
 41 P  0.2744 -1.0000 -0.3267 0.0611 -0.0111 -1.0000 0.1178
 42 E  -0.2556 -0.2678 -0.0644 -0.7733 -0.9644 1.0000 -0.6467
 43 E  -0.2556 -0.2678 -0.0644 -0.7733 -0.9644 1.0000 -0.6467
 44 V  0.7522 -0.3167 -0.2578 0.3678 -0.2122 -0.0344 1.0000
 45 P  0.2744 -1.0000 -0.3267 0.0611 -0.0111 -1.0000 0.1178
 46 A  -0.3889 -0.7556 -0.7522 -0.1900 -0.1889 1.0000 -0.5289
 47 P  0.2744 -1.0000 -0.3267 0.0611 -0.0111 -1.0000 0.1178
 48 A  -0.3889 -0.7556 -0.7522 -0.1900 -0.1889 1.0000 -0.5289
 49 P  0.2744 -1.0000 -0.3267 0.0611 -0.0111 -1.0000 0.1178
 50 A  -0.3889 -0.7556 -0.7522 -0.1900 -0.1889 1.0000 -0.5289
 51 Q  -0.2556 -0.1222 -0.0222 -0.5156 -0.3067 0.5867 -0.4122
 52 E  -0.2556 -0.2678 -0.0644 -0.7733 -0.9644 1.0000 -0.6467
 53 P  0.2744 -1.0000 -0.3267 0.0611 -0.0111 -1.0000 0.1178
 54 V  0.7522 -0.3167 -0.2578 0.3678 -0.2122 -0.0344 1.0000
 55 Q  -0.2556 -0.1222 -0.0222 -0.5156 -0.3067 0.5867 -0.4122
 56 E  -0.2556 -0.2678 -0.0644 -0.7733 -0.9644 1.0000 -0.6467
 57 A  -0.3889 -0.7556 -0.7522 -0.1900 -0.1889 1.0000 -0.5289
 58 P  0.2744 -1.0000 -0.3267 0.0611 -0.0111 -1.0000 0.1178
 59 K  -0.0978 0.0733 0.1811 -0.9878 0.8078 0.3100 -0.2944
 60 G  -1.0000 -1.0000 -1.0000 -0.3800 -0.1989 -1.0000 -1.0000
 61 R  0.1167 0.4144 0.5178 -1.0000 1.0000 0.5867 -0.4122
 62 K  -0.0978 0.0733 0.1811 -0.9878 0.8078 0.3100 -0.2944
 63 R  0.1167 0.4144 0.5178 -1.0000 1.0000 0.5867 -0.4122
 64 K  -0.0978 0.0733 0.1811 -0.9878 0.8078 0.3100 -0.2944
 65 P  0.2744 -1.0000 -0.3267 0.0611 -0.0111 -1.0000 0.1178
 66 R  0.1167 0.4144 0.5178 -1.0000 1.0000 0.5867 -0.4122
 67 T  0.4467 -0.4633 -0.3567 -0.2211 -0.3200 -0.4478 0.2356
 68 T  0.4467 -0.4633 -0.3567 -0.2211 -0.3200 -0.4478 0.2356
 69 E  -0.2556 -0.2678 -0.0644 -0.7733 -0.9644 1.0000 -0.6467
 70 P  0.2744 -1.0000 -0.3267 0.0611 -0.0111 -1.0000 0.1178
 71 K  -0.0978 0.0733 0.1811 -0.9878 0.8078 0.3100 -0.2944
 72 Q  -0.2556 -0.1222 -0.0222 -0.5156 -0.3067 0.5867 -0.4122
 73 P  0.2744 -1.0000 -0.3267 0.0611 -0.0111 -1.0000 0.1178
 74 V  0.7522 -0.3167 -0.2578 0.3678 -0.2122 -0.0344 1.0000
 75 E  -0.2556 -0.2678 -0.0644 -0.7733 -0.9644 1.0000 -0.6467
 76 P  0.2744 -1.0000 -0.3267 0.0611 -0.0111 -1.0000 0.1178
 77 K  -0.0978 0.0733 0.1811 -0.9878 0.8078 0.3100 -0.2944
 78 K  -0.0978 0.0733 0.1811 -0.9878 0.8078 0.3100 -0.2944
 79 P  0.2744 -1.0000 -0.3267 0.0611 -0.0111 -1.0000 0.1178
 80 V  0.7522 -0.3167 -0.2578 0.3678 -0.2122 -0.0344 1.0000
 81 E  -0.2556 -0.2678 -0.0644 -0.7733 -0.9644 1.0000 -0.6467
 82 S  -0.3744 -0.7078 -0.6044 -0.4044 -0.2944 -0.5178 -0.2356
 83 K  -0.0978 0.0733 0.1811 -0.9878 0.8078 0.3100 -0.2944
 84 K  -0.0978 0.0733 0.1811 -0.9878 0.8078 0.3100 -0.2944
 85 S  -0.3744 -0.7078 -0.6044 -0.4044 -0.2944 -0.5178 -0.2356
 86 G  -1.0000 -1.0000 -1.0000 -0.3800 -0.1989 -1.0000 -1.0000
 87 K  -0.0978 0.0733 0.1811 -0.9878 0.8078 0.3100 -0.2944
 88 S  -0.3744 -0.7078 -0.6044 -0.4044 -0.2944 -0.5178 -0.2356
 89 A  -0.3889 -0.7556 -0.7522 -0.1900 -0.1889 1.0000 -0.5289
 90 K  -0.0978 0.0733 0.1811 -0.9878 0.8078 0.3100 -0.2944
 91 S  -0.3744 -0.7078 -0.6044 -0.4044 -0.2944 -0.5178 -0.2356
 92 K  -0.0978 0.0733 0.1811 -0.9878 0.8078 0.3100 -0.2944
 93 E  -0.2556 -0.2678 -0.0644 -0.7733 -0.9644 1.0000 -0.6467
 94 K  -0.0978 0.0733 0.1811 -0.9878 0.8078 0.3100 -0.2944
 95 Q  -0.2556 -0.1222 -0.0222 -0.5156 -0.3067 0.5867 -0.4122
 96 E  -0.2556 -0.2678 -0.0644 -0.7733 -0.9644 1.0000 -0.6467
 97 K  -0.0978 0.0733 0.1811 -0.9878 0.8078 0.3100 -0.2944
 98 I  1.0000 -0.0733 -0.0100 0.7244 -0.2067 0.1722 0.7644
 99 T  0.4467 -0.4633 -0.3567 -0.2211 -0.3200 -0.4478 0.2356
 100 D  -0.2367 -0.4633 -0.3122 -0.8522 -1.0000 -0.1722 -0.7056
 101 T  0.4467 -0.4633 -0.3567 -0.2211 -0.3200 -0.4478 0.2356
 102 F  0.4033 0.4144 0.4578 0.7178 -0.3022 0.1722 0.3533
 103 K  -0.0978 0.0733 0.1811 -0.9878 0.8078 0.3100 -0.2944
 104 V  0.7522 -0.3167 -0.2578 0.3678 -0.2122 -0.0344 1.0000
 105 K  -0.0978 0.0733 0.1811 -0.9878 0.8078 0.3100 -0.2944
 106 R  0.1167 0.4144 0.5178 -1.0000 1.0000 0.5867 -0.4122
 107 K  -0.0978 0.0733 0.1811 -0.9878 0.8078 0.3100 -0.2944
 108 V  0.7522 -0.3167 -0.2578 0.3678 -0.2122 -0.0344 1.0000
 109 D  -0.2367 -0.4633 -0.3122 -0.8522 -1.0000 -0.1722 -0.7056
 110 R  0.1167 0.4144 0.5178 -1.0000 1.0000 0.5867 -0.4122
 111 F  0.4033 0.4144 0.4578 0.7178 -0.3022 0.1722 0.3533
 112 N  -0.2367 -0.3656 -0.2700 -0.7489 -0.0833 -0.4478 -0.5878
 113 G  -1.0000 -1.0000 -1.0000 -0.3800 -0.1989 -1.0000 -1.0000
 114 V  0.7522 -0.3167 -0.2578 0.3678 -0.2122 -0.0344 1.0000
 115 S  -0.3744 -0.7078 -0.6044 -0.4044 -0.2944 -0.5178 -0.2356
 116 E  -0.2556 -0.2678 -0.0644 -0.7733 -0.9644 1.0000 -0.6467
 117 A  -0.3889 -0.7556 -0.7522 -0.1900 -0.1889 1.0000 -0.5289
 118 E  -0.2556 -0.2678 -0.0644 -0.7733 -0.9644 1.0000 -0.6467
 119 L  0.2367 -0.0733 -0.0100 0.6622 -0.2067 0.7933 -0.0589
 120 L  0.2367 -0.0733 -0.0100 0.6622 -0.2067 0.7933 -0.0589
 121 T  0.4467 -0.4633 -0.3567 -0.2211 -0.3200 -0.4478 0.2356
 122 K  -0.0978 0.0733 0.1811 -0.9878 0.8078 0.3100 -0.2944
 123 T  0.4467 -0.4633 -0.3567 -0.2211 -0.3200 -0.4478 0.2356
 124 L  0.2367 -0.0733 -0.0100 0.6622 -0.2067 0.7933 -0.0589
 125 P  0.2744 -1.0000 -0.3267 0.0611 -0.0111 -1.0000 0.1178
 126 D  -0.2367 -0.4633 -0.3122 -0.8522 -1.0000 -0.1722 -0.7056
 127 I  1.0000 -0.0733 -0.0100 0.7244 -0.2067 0.1722 0.7644
 128 L  0.2367 -0.0733 -0.0100 0.6622 -0.2067 0.7933 -0.0589
 129 T  0.4467 -0.4633 -0.3567 -0.2211 -0.3200 -0.4478 0.2356
 130 F  0.4033 0.4144 0.4578 0.7178 -0.3022 0.1722 0.3533
 131 N  -0.2367 -0.3656 -0.2700 -0.7489 -0.0833 -0.4478 -0.5878
 132 L  0.2367 -0.0733 -0.0100 0.6622 -0.2067 0.7933 -0.0589
 133 D  -0.2367 -0.4633 -0.3122 -0.8522 -1.0000 -0.1722 -0.7056
 134 I  1.0000 -0.0733 -0.0100 0.7244 -0.2067 0.1722 0.7644
 135 V  0.7522 -0.3167 -0.2578 0.3678 -0.2122 -0.0344 1.0000
 136 I  1.0000 -0.0733 -0.0100 0.7244 -0.2067 0.1722 0.7644
 137 I  1.0000 -0.0733 -0.0100 0.7244 -0.2067 0.1722 0.7644
 138 G  -1.0000 -1.0000 -1.0000 -0.3800 -0.1989 -1.0000 -1.0000
 139 I  1.0000 -0.0733 -0.0100 0.7244 -0.2067 0.1722 0.7644
 140 N  -0.2367 -0.3656 -0.2700 -0.7489 -0.0833 -0.4478 -0.5878
 141 P  0.2744 -1.0000 -0.3267 0.0611 -0.0111 -1.0000 0.1178
 142 G  -1.0000 -1.0000 -1.0000 -0.3800 -0.1989 -1.0000 -1.0000
 143 L  0.2367 -0.0733 -0.0100 0.6622 -0.2067 0.7933 -0.0589
 144 M  0.1222 0.0733 0.0967 0.3744 -0.2911 0.7244 -0.0011
 145 A  -0.3889 -0.7556 -0.7522 -0.1900 -0.1889 1.0000 -0.5289
 146 A  -0.3889 -0.7556 -0.7522 -0.1900 -0.1889 1.0000 -0.5289
 147 Y  0.4033 0.4633 0.6011 0.2089 -0.3044 -0.1722 0.5289
 148 K  -0.0978 0.0733 0.1811 -0.9878 0.8078 0.3100 -0.2944
 149 G  -1.0000 -1.0000 -1.0000 -0.3800 -0.1989 -1.0000 -1.0000
 150 H  0.4267 0.1222 0.1533 -0.3011 0.2167 -0.0344 -0.1178
 151 H  0.4267 0.1222 0.1533 -0.3011 0.2167 -0.0344 -0.1178
 152 Y  0.4033 0.4633 0.6011 0.2089 -0.3044 -0.1722 0.5289
 153 P  0.2744 -1.0000 -0.3267 0.0611 -0.0111 -1.0000 0.1178
 154 G  -1.0000 -1.0000 -1.0000 -0.3800 -0.1989 -1.0000 -1.0000
 155 P  0.2744 -1.0000 -0.3267 0.0611 -0.0111 -1.0000 0.1178
 156 G  -1.0000 -1.0000 -1.0000 -0.3800 -0.1989 -1.0000 -1.0000
 157 N  -0.2367 -0.3656 -0.2700 -0.7489 -0.0833 -0.4478 -0.5878
 158 H  0.4267 0.1222 0.1533 -0.3011 0.2167 -0.0344 -0.1178
 159 F  0.4033 0.4144 0.4578 0.7178 -0.3022 0.1722 0.3533
 160 W  0.5322 1.0000 1.0000 1.0000 -0.2322 0.3100 0.5878
 161 K  -0.0978 0.0733 0.1811 -0.9878 0.8078 0.3100 -0.2944
 162 C  -0.1556 -0.3656 -0.3989 0.5644 -0.1267 -0.7244 0.5289
 163 L  0.2367 -0.0733 -0.0100 0.6622 -0.2067 0.7933 -0.0589
 164 F  0.4033 0.4144 0.4578 0.7178 -0.3022 0.1722 0.3533
 165 M  0.1222 0.0733 0.0967 0.3744 -0.2911 0.7244 -0.0011
 166 S  -0.3744 -0.7078 -0.6044 -0.4044 -0.2944 -0.5178 -0.2356
 167 G  -1.0000 -1.0000 -1.0000 -0.3800 -0.1989 -1.0000 -1.0000
 168 L  0.2367 -0.0733 -0.0100 0.6622 -0.2067 0.7933 -0.0589
 169 S  -0.3744 -0.7078 -0.6044 -0.4044 -0.2944 -0.5178 -0.2356
 170 E  -0.2556 -0.2678 -0.0644 -0.7733 -0.9644 1.0000 -0.6467
 171 V  0.7522 -0.3167 -0.2578 0.3678 -0.2122 -0.0344 1.0000
 172 Q  -0.2556 -0.1222 -0.0222 -0.5156 -0.3067 0.5867 -0.4122
 173 L  0.2367 -0.0733 -0.0100 0.6622 -0.2067 0.7933 -0.0589
 174 N  -0.2367 -0.3656 -0.2700 -0.7489 -0.0833 -0.4478 -0.5878
 175 H  0.4267 0.1222 0.1533 -0.3011 0.2167 -0.0344 -0.1178
 176 M  0.1222 0.0733 0.0967 0.3744 -0.2911 0.7244 -0.0011
 177 D  -0.2367 -0.4633 -0.3122 -0.8522 -1.0000 -0.1722 -0.7056
 178 D  -0.2367 -0.4633 -0.3122 -0.8522 -1.0000 -0.1722 -0.7056
 179 H  0.4267 0.1222 0.1533 -0.3011 0.2167 -0.0344 -0.1178
 180 T  0.4467 -0.4633 -0.3567 -0.2211 -0.3200 -0.4478 0.2356
 181 L  0.2367 -0.0733 -0.0100 0.6622 -0.2067 0.7933 -0.0589
 182 P  0.2744 -1.0000 -0.3267 0.0611 -0.0111 -1.0000 0.1178
 183 G  -1.0000 -1.0000 -1.0000 -0.3800 -0.1989 -1.0000 -1.0000
 184 K  -0.0978 0.0733 0.1811 -0.9878 0.8078 0.3100 -0.2944
 185 Y  0.4033 0.4633 0.6011 0.2089 -0.3044 -0.1722 0.5289
 186 G  -1.0000 -1.0000 -1.0000 -0.3800 -0.1989 -1.0000 -1.0000
 187 I  1.0000 -0.0733 -0.0100 0.7244 -0.2067 0.1722 0.7644
 188 G  -1.0000 -1.0000 -1.0000 -0.3800 -0.1989 -1.0000 -1.0000
 189 F  0.4033 0.4144 0.4578 0.7178 -0.3022 0.1722 0.3533
 190 T  0.4467 -0.4633 -0.3567 -0.2211 -0.3200 -0.4478 0.2356
 191 N  -0.2367 -0.3656 -0.2700 -0.7489 -0.0833 -0.4478 -0.5878
 192 M  0.1222 0.0733 0.0967 0.3744 -0.2911 0.7244 -0.0011
 193 V  0.7522 -0.3167 -0.2578 0.3678 -0.2122 -0.0344 1.0000
 194 E  -0.2556 -0.2678 -0.0644 -0.7733 -0.9644 1.0000 -0.6467
 195 R  0.1167 0.4144 0.5178 -1.0000 1.0000 0.5867 -0.4122
 196 T  0.4467 -0.4633 -0.3567 -0.2211 -0.3200 -0.4478 0.2356
 197 T  0.4467 -0.4633 -0.3567 -0.2211 -0.3200 -0.4478 0.2356
 198 P  0.2744 -1.0000 -0.3267 0.0611 -0.0111 -1.0000 0.1178
 199 G  -1.0000 -1.0000 -1.0000 -0.3800 -0.1989 -1.0000 -1.0000
 200 S  -0.3744 -0.7078 -0.6044 -0.4044 -0.2944 -0.5178 -0.2356
 201 K  -0.0978 0.0733 0.1811 -0.9878 0.8078 0.3100 -0.2944
 202 D  -0.2367 -0.4633 -0.3122 -0.8522 -1.0000 -0.1722 -0.7056
 203 L  0.2367 -0.0733 -0.0100 0.6622 -0.2067 0.7933 -0.0589
 204 S  -0.3744 -0.7078 -0.6044 -0.4044 -0.2944 -0.5178 -0.2356
 205 S  -0.3744 -0.7078 -0.6044 -0.4044 -0.2944 -0.5178 -0.2356
 206 K  -0.0978 0.0733 0.1811 -0.9878 0.8078 0.3100 -0.2944
 207 E  -0.2556 -0.2678 -0.0644 -0.7733 -0.9644 1.0000 -0.6467
 208 F  0.4033 0.4144 0.4578 0.7178 -0.3022 0.1722 0.3533
 209 R  0.1167 0.4144 0.5178 -1.0000 1.0000 0.5867 -0.4122
 210 E  -0.2556 -0.2678 -0.0644 -0.7733 -0.9644 1.0000 -0.6467
 211 G  -1.0000 -1.0000 -1.0000 -0.3800 -0.1989 -1.0000 -1.0000
 212 G  -1.0000 -1.0000 -1.0000 -0.3800 -0.1989 -1.0000 -1.0000
 213 R  0.1167 0.4144 0.5178 -1.0000 1.0000 0.5867 -0.4122
 214 I  1.0000 -0.0733 -0.0100 0.7244 -0.2067 0.1722 0.7644
 215 L  0.2367 -0.0733 -0.0100 0.6622 -0.2067 0.7933 -0.0589
 216 V  0.7522 -0.3167 -0.2578 0.3678 -0.2122 -0.0344 1.0000
 217 Q  -0.2556 -0.1222 -0.0222 -0.5156 -0.3067 0.5867 -0.4122
 218 K  -0.0978 0.0733 0.1811 -0.9878 0.8078 0.3100 -0.2944
 219 L  0.2367 -0.0733 -0.0100 0.6622 -0.2067 0.7933 -0.0589
 220 Q  -0.2556 -0.1222 -0.0222 -0.5156 -0.3067 0.5867 -0.4122
 221 K  -0.0978 0.0733 0.1811 -0.9878 0.8078 0.3100 -0.2944
 222 Y  0.4033 0.4633 0.6011 0.2089 -0.3044 -0.1722 0.5289
 223 Q  -0.2556 -0.1222 -0.0222 -0.5156 -0.3067 0.5867 -0.4122
 224 P  0.2744 -1.0000 -0.3267 0.0611 -0.0111 -1.0000 0.1178
 225 R  0.1167 0.4144 0.5178 -1.0000 1.0000 0.5867 -0.4122
 226 I  1.0000 -0.0733 -0.0100 0.7244 -0.2067 0.1722 0.7644
 227 A  -0.3889 -0.7556 -0.7522 -0.1900 -0.1889 1.0000 -0.5289
 228 V  0.7522 -0.3167 -0.2578 0.3678 -0.2122 -0.0344 1.0000
 229 F  0.4033 0.4144 0.4578 0.7178 -0.3022 0.1722 0.3533
 230 N  -0.2367 -0.3656 -0.2700 -0.7489 -0.0833 -0.4478 -0.5878
 231 G  -1.0000 -1.0000 -1.0000 -0.3800 -0.1989 -1.0000 -1.0000
 232 K  -0.0978 0.0733 0.1811 -0.9878 0.8078 0.3100 -0.2944
 233 C  -0.1556 -0.3656 -0.3989 0.5644 -0.1267 -0.7244 0.5289
 234 I  1.0000 -0.0733 -0.0100 0.7244 -0.2067 0.1722 0.7644
 235 Y  0.4033 0.4633 0.6011 0.2089 -0.3044 -0.1722 0.5289
 236 E  -0.2556 -0.2678 -0.0644 -0.7733 -0.9644 1.0000 -0.6467
 237 I  1.0000 -0.0733 -0.0100 0.7244 -0.2067 0.1722 0.7644
 238 F  0.4033 0.4144 0.4578 0.7178 -0.3022 0.1722 0.3533
 239 S  -0.3744 -0.7078 -0.6044 -0.4044 -0.2944 -0.5178 -0.2356
 240 K  -0.0978 0.0733 0.1811 -0.9878 0.8078 0.3100 -0.2944
 241 E  -0.2556 -0.2678 -0.0644 -0.7733 -0.9644 1.0000 -0.6467
 242 V  0.7522 -0.3167 -0.2578 0.3678 -0.2122 -0.0344 1.0000
 243 F  0.4033 0.4144 0.4578 0.7178 -0.3022 0.1722 0.3533
 244 G  -1.0000 -1.0000 -1.0000 -0.3800 -0.1989 -1.0000 -1.0000
 245 V  0.7522 -0.3167 -0.2578 0.3678 -0.2122 -0.0344 1.0000
 246 K  -0.0978 0.0733 0.1811 -0.9878 0.8078 0.3100 -0.2944
 247 V  0.7522 -0.3167 -0.2578 0.3678 -0.2122 -0.0344 1.0000
 248 K  -0.0978 0.0733 0.1811 -0.9878 0.8078 0.3100 -0.2944
 249 N  -0.2367 -0.3656 -0.2700 -0.7489 -0.0833 -0.4478 -0.5878
 250 L  0.2367 -0.0733 -0.0100 0.6622 -0.2067 0.7933 -0.0589
 251 E  -0.2556 -0.2678 -0.0644 -0.7733 -0.9644 1.0000 -0.6467
 252 F  0.4033 0.4144 0.4578 0.7178 -0.3022 0.1722 0.3533
 253 G  -1.0000 -1.0000 -1.0000 -0.3800 -0.1989 -1.0000 -1.0000
 254 L  0.2367 -0.0733 -0.0100 0.6622 -0.2067 0.7933 -0.0589
 255 Q  -0.2556 -0.1222 -0.0222 -0.5156 -0.3067 0.5867 -0.4122
 256 P  0.2744 -1.0000 -0.3267 0.0611 -0.0111 -1.0000 0.1178
 257 H  0.4267 0.1222 0.1533 -0.3011 0.2167 -0.0344 -0.1178
 258 K  -0.0978 0.0733 0.1811 -0.9878 0.8078 0.3100 -0.2944
 259 I  1.0000 -0.0733 -0.0100 0.7244 -0.2067 0.1722 0.7644
 260 P  0.2744 -1.0000 -0.3267 0.0611 -0.0111 -1.0000 0.1178
 261 D  -0.2367 -0.4633 -0.3122 -0.8522 -1.0000 -0.1722 -0.7056
 262 T  0.4467 -0.4633 -0.3567 -0.2211 -0.3200 -0.4478 0.2356
 263 E  -0.2556 -0.2678 -0.0644 -0.7733 -0.9644 1.0000 -0.6467
 264 T  0.4467 -0.4633 -0.3567 -0.2211 -0.3200 -0.4478 0.2356
 265 L  0.2367 -0.0733 -0.0100 0.6622 -0.2067 0.7933 -0.0589
 266 C  -0.1556 -0.3656 -0.3989 0.5644 -0.1267 -0.7244 0.5289
 267 Y  0.4033 0.4633 0.6011 0.2089 -0.3044 -0.1722 0.5289
 268 V  0.7522 -0.3167 -0.2578 0.3678 -0.2122 -0.0344 1.0000
 269 M  0.1222 0.0733 0.0967 0.3744 -0.2911 0.7244 -0.0011
 270 P  0.2744 -1.0000 -0.3267 0.0611 -0.0111 -1.0000 0.1178
 271 S  -0.3744 -0.7078 -0.6044 -0.4044 -0.2944 -0.5178 -0.2356
 272 S  -0.3744 -0.7078 -0.6044 -0.4044 -0.2944 -0.5178 -0.2356
 273 S  -0.3744 -0.7078 -0.6044 -0.4044 -0.2944 -0.5178 -0.2356
 274 A  -0.3889 -0.7556 -0.7522 -0.1900 -0.1889 1.0000 -0.5289
 275 R  0.1167 0.4144 0.5178 -1.0000 1.0000 0.5867 -0.4122
 276 C  -0.1556 -0.3656 -0.3989 0.5644 -0.1267 -0.7244 0.5289
 277 A  -0.3889 -0.7556 -0.7522 -0.1900 -0.1889 1.0000 -0.5289
 278 Q  -0.2556 -0.1222 -0.0222 -0.5156 -0.3067 0.5867 -0.4122
 279 F  0.4033 0.4144 0.4578 0.7178 -0.3022 0.1722 0.3533
 280 P  0.2744 -1.0000 -0.3267 0.0611 -0.0111 -1.0000 0.1178
 281 R  0.1167 0.4144 0.5178 -1.0000 1.0000 0.5867 -0.4122
 282 A  -0.3889 -0.7556 -0.7522 -0.1900 -0.1889 1.0000 -0.5289
 283 Q  -0.2556 -0.1222 -0.0222 -0.5156 -0.3067 0.5867 -0.4122
 284 D  -0.2367 -0.4633 -0.3122 -0.8522 -1.0000 -0.1722 -0.7056
 285 K  -0.0978 0.0733 0.1811 -0.9878 0.8078 0.3100 -0.2944
 286 V  0.7522 -0.3167 -0.2578 0.3678 -0.2122 -0.0344 1.0000
 287 H  0.4267 0.1222 0.1533 -0.3011 0.2167 -0.0344 -0.1178
 288 Y  0.4033 0.4633 0.6011 0.2089 -0.3044 -0.1722 0.5289
 289 Y  0.4033 0.4633 0.6011 0.2089 -0.3044 -0.1722 0.5289
 290 I  1.0000 -0.0733 -0.0100 0.7244 -0.2067 0.1722 0.7644
 291 K  -0.0978 0.0733 0.1811 -0.9878 0.8078 0.3100 -0.2944
 292 L  0.2367 -0.0733 -0.0100 0.6622 -0.2067 0.7933 -0.0589
 293 K  -0.0978 0.0733 0.1811 -0.9878 0.8078 0.3100 -0.2944
 294 D  -0.2367 -0.4633 -0.3122 -0.8522 -1.0000 -0.1722 -0.7056
 295 L  0.2367 -0.0733 -0.0100 0.6622 -0.2067 0.7933 -0.0589
 296 R  0.1167 0.4144 0.5178 -1.0000 1.0000 0.5867 -0.4122
 297 D  -0.2367 -0.4633 -0.3122 -0.8522 -1.0000 -0.1722 -0.7056
 298 Q  -0.2556 -0.1222 -0.0222 -0.5156 -0.3067 0.5867 -0.4122
 299 L  0.2367 -0.0733 -0.0100 0.6622 -0.2067 0.7933 -0.0589
 300 K  -0.0978 0.0733 0.1811 -0.9878 0.8078 0.3100 -0.2944
 301 G  -1.0000 -1.0000 -1.0000 -0.3800 -0.1989 -1.0000 -1.0000
 302 I  1.0000 -0.0733 -0.0100 0.7244 -0.2067 0.1722 0.7644
 303 E  -0.2556 -0.2678 -0.0644 -0.7733 -0.9644 1.0000 -0.6467
 304 R  0.1167 0.4144 0.5178 -1.0000 1.0000 0.5867 -0.4122
 305 N  -0.2367 -0.3656 -0.2700 -0.7489 -0.0833 -0.4478 -0.5878
 306 M  0.1222 0.0733 0.0967 0.3744 -0.2911 0.7244 -0.0011
 307 D  -0.2367 -0.4633 -0.3122 -0.8522 -1.0000 -0.1722 -0.7056
 308 V  0.7522 -0.3167 -0.2578 0.3678 -0.2122 -0.0344 1.0000
 309 Q  -0.2556 -0.1222 -0.0222 -0.5156 -0.3067 0.5867 -0.4122
 310 E  -0.2556 -0.2678 -0.0644 -0.7733 -0.9644 1.0000 -0.6467
 311 V  0.7522 -0.3167 -0.2578 0.3678 -0.2122 -0.0344 1.0000
 312 Q  -0.2556 -0.1222 -0.0222 -0.5156 -0.3067 0.5867 -0.4122
 313 Y  0.4033 0.4633 0.6011 0.2089 -0.3044 -0.1722 0.5289
 314 T  0.4467 -0.4633 -0.3567 -0.2211 -0.3200 -0.4478 0.2356
 315 F  0.4033 0.4144 0.4578 0.7178 -0.3022 0.1722 0.3533
 316 D  -0.2367 -0.4633 -0.3122 -0.8522 -1.0000 -0.1722 -0.7056
 317 L  0.2367 -0.0733 -0.0100 0.6622 -0.2067 0.7933 -0.0589
 318 Q  -0.2556 -0.1222 -0.0222 -0.5156 -0.3067 0.5867 -0.4122
 319 L  0.2367 -0.0733 -0.0100 0.6622 -0.2067 0.7933 -0.0589
 320 A  -0.3889 -0.7556 -0.7522 -0.1900 -0.1889 1.0000 -0.5289
 321 Q  -0.2556 -0.1222 -0.0222 -0.5156 -0.3067 0.5867 -0.4122
 322 E  -0.2556 -0.2678 -0.0644 -0.7733 -0.9644 1.0000 -0.6467
 323 D  -0.2367 -0.4633 -0.3122 -0.8522 -1.0000 -0.1722 -0.7056
 324 A  -0.3889 -0.7556 -0.7522 -0.1900 -0.1889 1.0000 -0.5289
 325 K  -0.0978 0.0733 0.1811 -0.9878 0.8078 0.3100 -0.2944
 326 K  -0.0978 0.0733 0.1811 -0.9878 0.8078 0.3100 -0.2944
 327 M  0.1222 0.0733 0.0967 0.3744 -0.2911 0.7244 -0.0011
 328 A  -0.3889 -0.7556 -0.7522 -0.1900 -0.1889 1.0000 -0.5289
 329 V  0.7522 -0.3167 -0.2578 0.3678 -0.2122 -0.0344 1.0000
 330 K  -0.0978 0.0733 0.1811 -0.9878 0.8078 0.3100 -0.2944
 331 E  -0.2556 -0.2678 -0.0644 -0.7733 -0.9644 1.0000 -0.6467
 332 E  -0.2556 -0.2678 -0.0644 -0.7733 -0.9644 1.0000 -0.6467
 333 K  -0.0978 0.0733 0.1811 -0.9878 0.8078 0.3100 -0.2944
 334 Y  0.4033 0.4633 0.6011 0.2089 -0.3044 -0.1722 0.5289
 335 D  -0.2367 -0.4633 -0.3122 -0.8522 -1.0000 -0.1722 -0.7056
 336 P  0.2744 -1.0000 -0.3267 0.0611 -0.0111 -1.0000 0.1178
 337 G  -1.0000 -1.0000 -1.0000 -0.3800 -0.1989 -1.0000 -1.0000
 338 Y  0.4033 0.4633 0.6011 0.2089 -0.3044 -0.1722 0.5289
 339 E  -0.2556 -0.2678 -0.0644 -0.7733 -0.9644 1.0000 -0.6467
 340 A  -0.3889 -0.7556 -0.7522 -0.1900 -0.1889 1.0000 -0.5289
 341 A  -0.3889 -0.7556 -0.7522 -0.1900 -0.1889 1.0000 -0.5289
 342 Y  0.4033 0.4633 0.6011 0.2089 -0.3044 -0.1722 0.5289
 343 G  -1.0000 -1.0000 -1.0000 -0.3800 -0.1989 -1.0000 -1.0000
 344 G  -1.0000 -1.0000 -1.0000 -0.3800 -0.1989 -1.0000 -1.0000
 345 A  -0.3889 -0.7556 -0.7522 -0.1900 -0.1889 1.0000 -0.5289
 346 Y  0.4033 0.4633 0.6011 0.2089 -0.3044 -0.1722 0.5289
 347 G  -1.0000 -1.0000 -1.0000 -0.3800 -0.1989 -1.0000 -1.0000
 348 E  -0.2556 -0.2678 -0.0644 -0.7733 -0.9644 1.0000 -0.6467
 349 N  -0.2367 -0.3656 -0.2700 -0.7489 -0.0833 -0.4478 -0.5878
 350 P  0.2744 -1.0000 -0.3267 0.0611 -0.0111 -1.0000 0.1178
 351 C  -0.1556 -0.3656 -0.3989 0.5644 -0.1267 -0.7244 0.5289
 352 S  -0.3744 -0.7078 -0.6044 -0.4044 -0.2944 -0.5178 -0.2356
 353 S  -0.3744 -0.7078 -0.6044 -0.4044 -0.2944 -0.5178 -0.2356
 354 E  -0.2556 -0.2678 -0.0644 -0.7733 -0.9644 1.0000 -0.6467
 355 P  0.2744 -1.0000 -0.3267 0.0611 -0.0111 -1.0000 0.1178
 356 C  -0.1556 -0.3656 -0.3989 0.5644 -0.1267 -0.7244 0.5289
 357 G  -1.0000 -1.0000 -1.0000 -0.3800 -0.1989 -1.0000 -1.0000
 358 F  0.4033 0.4144 0.4578 0.7178 -0.3022 0.1722 0.3533
 359 S  -0.3744 -0.7078 -0.6044 -0.4044 -0.2944 -0.5178 -0.2356
 360 S  -0.3744 -0.7078 -0.6044 -0.4044 -0.2944 -0.5178 -0.2356
 361 N  -0.2367 -0.3656 -0.2700 -0.7489 -0.0833 -0.4478 -0.5878
 362 G  -1.0000 -1.0000 -1.0000 -0.3800 -0.1989 -1.0000 -1.0000
 363 L  0.2367 -0.0733 -0.0100 0.6622 -0.2067 0.7933 -0.0589
 364 I  1.0000 -0.0733 -0.0100 0.7244 -0.2067 0.1722 0.7644
 365 E  -0.2556 -0.2678 -0.0644 -0.7733 -0.9644 1.0000 -0.6467
 366 S  -0.3744 -0.7078 -0.6044 -0.4044 -0.2944 -0.5178 -0.2356
 367 V  0.7522 -0.3167 -0.2578 0.3678 -0.2122 -0.0344 1.0000
 368 E  -0.2556 -0.2678 -0.0644 -0.7733 -0.9644 1.0000 -0.6467
 369 L  0.2367 -0.0733 -0.0100 0.6622 -0.2067 0.7933 -0.0589
 370 R  0.1167 0.4144 0.5178 -1.0000 1.0000 0.5867 -0.4122
 371 G  -1.0000 -1.0000 -1.0000 -0.3800 -0.1989 -1.0000 -1.0000
 372 E  -0.2556 -0.2678 -0.0644 -0.7733 -0.9644 1.0000 -0.6467
 373 S  -0.3744 -0.7078 -0.6044 -0.4044 -0.2944 -0.5178 -0.2356
 374 A  -0.3889 -0.7556 -0.7522 -0.1900 -0.1889 1.0000 -0.5289
 375 F  0.4033 0.4144 0.4578 0.7178 -0.3022 0.1722 0.3533
 376 S  -0.3744 -0.7078 -0.6044 -0.4044 -0.2944 -0.5178 -0.2356
 377 G  -1.0000 -1.0000 -1.0000 -0.3800 -0.1989 -1.0000 -1.0000
 378 I  1.0000 -0.0733 -0.0100 0.7244 -0.2067 0.1722 0.7644
 379 P  0.2744 -1.0000 -0.3267 0.0611 -0.0111 -1.0000 0.1178
 380 N  -0.2367 -0.3656 -0.2700 -0.7489 -0.0833 -0.4478 -0.5878
 381 G  -1.0000 -1.0000 -1.0000 -0.3800 -0.1989 -1.0000 -1.0000
 382 Q  -0.2556 -0.1222 -0.0222 -0.5156 -0.3067 0.5867 -0.4122
 383 W  0.5322 1.0000 1.0000 1.0000 -0.2322 0.3100 0.5878
 384 M  0.1222 0.0733 0.0967 0.3744 -0.2911 0.7244 -0.0011
 385 T  0.4467 -0.4633 -0.3567 -0.2211 -0.3200 -0.4478 0.2356
 386 Q  -0.2556 -0.1222 -0.0222 -0.5156 -0.3067 0.5867 -0.4122
 387 S  -0.3744 -0.7078 -0.6044 -0.4044 -0.2944 -0.5178 -0.2356
 388 F  0.4033 0.4144 0.4578 0.7178 -0.3022 0.1722 0.3533
 389 T  0.4467 -0.4633 -0.3567 -0.2211 -0.3200 -0.4478 0.2356
 390 D  -0.2367 -0.4633 -0.3122 -0.8522 -1.0000 -0.1722 -0.7056
 391 Q  -0.2556 -0.1222 -0.0222 -0.5156 -0.3067 0.5867 -0.4122
 392 I  1.0000 -0.0733 -0.0100 0.7244 -0.2067 0.1722 0.7644
 393 P  0.2744 -1.0000 -0.3267 0.0611 -0.0111 -1.0000 0.1178
 394 S  -0.3744 -0.7078 -0.6044 -0.4044 -0.2944 -0.5178 -0.2356
 395 F  0.4033 0.4144 0.4578 0.7178 -0.3022 0.1722 0.3533
 396 S  -0.3744 -0.7078 -0.6044 -0.4044 -0.2944 -0.5178 -0.2356
 397 N  -0.2367 -0.3656 -0.2700 -0.7489 -0.0833 -0.4478 -0.5878
 398 H  0.4267 0.1222 0.1533 -0.3011 0.2167 -0.0344 -0.1178
 399 C  -0.1556 -0.3656 -0.3989 0.5644 -0.1267 -0.7244 0.5289
 400 G  -1.0000 -1.0000 -1.0000 -0.3800 -0.1989 -1.0000 -1.0000
 401 T  0.4467 -0.4633 -0.3567 -0.2211 -0.3200 -0.4478 0.2356
 402 Q  -0.2556 -0.1222 -0.0222 -0.5156 -0.3067 0.5867 -0.4122
 403 E  -0.2556 -0.2678 -0.0644 -0.7733 -0.9644 1.0000 -0.6467
 404 Q  -0.2556 -0.1222 -0.0222 -0.5156 -0.3067 0.5867 -0.4122
 405 E  -0.2556 -0.2678 -0.0644 -0.7733 -0.9644 1.0000 -0.6467
 406 E  -0.2556 -0.2678 -0.0644 -0.7733 -0.9644 1.0000 -0.6467
 407 E  -0.2556 -0.2678 -0.0644 -0.7733 -0.9644 1.0000 -0.6467
 408 S  -0.3744 -0.7078 -0.6044 -0.4044 -0.2944 -0.5178 -0.2356
 409 H  0.4267 0.1222 0.1533 -0.3011 0.2167 -0.0344 -0.1178
 410 A  -0.3889 -0.7556 -0.7522 -0.1900 -0.1889 1.0000 -0.5289
